Audio - Gleichrichter
Code fuer Onlinesimulator:

https://www.falstad.com/circuit/circuitjs.html

Zeilen nach der Trennzeile per copy und paste auf der Simulationsseite als Text einfuegen
------------------------------------------------------------------------------------------
$ 1 0.000005 27.727228452313398 50 5 50
r 240 0 240 96 0 47400
r 240 128 240 208 0 6720
g 240 208 240 256 0
w 240 96 304 96 0
p 304 96 304 192 1 0 0
g 304 192 304 256 0
R 240 0 240 -48 0 0 40 5 0 0 0.5
x 205 58 226 61 4 16 R1
x 206 195 227 198 4 16 R2
c 240 96 176 96 0 0.000001 0.7129691782732757
R 128 96 80 96 0 1 108.2 2.011 0 0 0.5
s 128 96 176 96 0 0 false
t 336 96 384 96 0 1 -6.288023887012426 -2.8915856082392324 100
w 304 96 336 96 0
w 384 80 384 0 0
R 384 0 384 -48 0 0 40 5 0 0 0.5
c 384 128 384 192 0 0.000047 1.6035617212268067
w 384 112 384 128 0
w 240 128 240 96 0
w 384 192 384 224 0
g 384 224 384 256 0
w 384 128 448 128 0
r 448 128 448 224 0 1003.6
g 448 224 448 256 0
r 448 128 544 128 0 12000
c 544 128 544 224 0 0.000001 1.6293520694566723
g 544 224 544 256 0
w 544 128 624 128 0
r 624 128 624 224 0 1000000
g 624 224 624 256 0
w 624 128 688 128 0
p 688 128 688 224 1 0 0
g 688 224 688 256 0
p 128 96 128 192 1 1 0
g 128 192 128 256 0
x 462 207 483 210 4 16 R3
o 33 64 0 4098 2.5 0.1 0 1
o 31 64 0 4098 2.5 0.1 1 1
38 0 0 10000 120000 R1
38 1 0 4000 20000 R2
38 10 0 0.1 5 inp.\svoltage
38 10 3 20 200 Frequency
38 22 0 820 10000 Resistance
